Multiple size <= 100
TEST 1 ARG:15 79 19 38 22 25 1 68 26 53 56 54 34 29 5 88 24 11 35 78 49 76 23 13 80 16 86 50 2 37 51 41 9 65 57 36 43 61 8 89 97 75 98 81 63 69 66 39 48 59 10 72 0 73 93 74 83 70 52 33 64 84 18 67 4 77 55 42 94 62 60 6 12 91 17 20 46 90 45 7 40 21 87 32 92 14 95 71 27 28 47 31 44 3 99 30 96 85 82 58 
TEST 2 ARG:5 40 74 8 18 76 48 42 32 78 81 62 17 72 29 0 54 31 60 39 1 79 77 20 80 88 35 19 86 64 65 92 51 23 43 6 4 95 96 3 98 97 25 16 14 66 38 12 70 83 15 47 9 73 28 84 99 22 59 27 44 93 61 10 24 2 36 37 85 63 69 34 46 52 87 56 30 21 68 50 13 94 67 55 26 90 33 53 57 49 75 58 7 11 41 91 82 89 45 71 
TEST 3 ARG:94 69 8 97 89 18 30 87 79 49 24 85 66 59 3 82 34 37 43 50 52 47 62 16 15 25 40 96 0 70 90 12 65 23 42 4 57 77 99 98 84 9 29 19 63 68 64 78 1 48 41 35 14 93 13 53 74 20 45 95 60 27 10 39 21 51 38 5 28 67 73 36 46 58 92 2 11 56 31 61 75 76 33 44 22 91 7 32 72 71 86 26 81 83 55 80 17 54 88 6 
TEST 4 ARG:27 2 76 31 17 13 53 1 75 49 96 81 78 38 12 34 30 55 64 87 54 40 98 0 25 10 50 44 95 29 20 84 35 91 23 80 56 9 45 36 70 97 99 52 63 32 4 60 65 58 42 79 11 66 7 83 28 92 24 22 33 69 18 88 43 62 5 16 3 39 8 15 85 19 90 46 86 82 89 72 59 74 6 37 57 73 94 68 77 67 26 51 14 93 61 48 41 47 21 71 
TEST 5 ARG:55 2 4 53 99 40 91 20 82 33 77 22 98 62 95 15 76 84 86 88 67 80 31 14 64 70 7 11 19 45 69 48 37 28 61 1 3 39 0 17 29 59 57 54 43 74 94 12 6 50 90 35 97 47 9 24 30 23 63 96 18 49 27 25 81 56 83 21 71 51 46 36 58 42 16 68 13 65 87 60 75 93 89 52 38 41 66 44 78 92 73 85 32 26 8 5 79 72 10 34 
TEST 6 ARG:88 58 98 51 31 96 37 97 10 62 63 52 89 5 42 54 50 59 77 87 20 2 38 64 84 6 13 78 44 30 27 75 18 36 21 33 35 86 73 8 56 79 74 16 14 39 57 48 68 25 55 82 85 66 28 1 19 60 99 46 69 32 41 67 71 93 92 49 0 24 17 23 76 83 9 53 43 3 90 11 61 70 45 81 94 34 80 29 72 7 95 47 40 22 12 91 4 65 15 26 
TEST 7 ARG:1 17 4 76 43 67 63 64 23 62 75 18 41 0 80 94 71 13 83 73 22 96 52 27 58 20 87 89 39 9 74 92 26 90 72 14 85 38 55 15 45 32 25 37 11 82 51 66 69 47 56 2 19 84 53 46 24 79 97 68 98 44 60 10 61 57 16 12 35 3 77 70 30 49 40 33 8 59 99 6 29 42 81 95 78 28 7 54 21 36 65 50 88 93 91 31 34 86 5 48 
TEST 8 ARG:1 41 91 10 7 84 33 74 88 35 11 25 39 57 95 92 4 38 61 50 67 2 22 48 80 47 36 24 65 64 34 54 31 82 62 19 96 12 49 15 89 94 3 13 30 43 5 20 79 0 81 8 29 68 87 46 9 59 28 99 53 69 6 58 93 66 18 37 55 76 98 42 23 45 51 85 83 44 40 14 60 77 17 56 86 70 32 97 26 63 21 27 52 90 71 78 16 72 75 73 
TEST 9 ARG:8 7 63 69 12 29 53 36 55 97 72 13 67 78 38 37 93 40 31 18 62 49 16 54 5 11 19 68 56 51 82 90 42 30 47 22 66 45 6 48 32 35 1 46 95 14 96 2 84 91 86 52 81 28 24 76 17 34 59 85 23 27 94 92 50 99 74 98 10 87 75 61 44 3 70 4 26 71 77 89 33 60 43 64 65 21 80 83 73 88 58 25 57 0 15 39 41 20 9 79 
TEST 10 ARG:13 56 91 70 59 87 33 41 76 74 79 95 38 44 65 77 86 82 7 62 42 8 54 30 2 12 35 80 9 29 5 1 94 93 34 10 31 25 14 78 21 28 73 55 51 69 43 98 63 60 22 49 27 45 72 92 36 24 71 68 88 32 50 16 64 47 19 81 3 58 89 26 4 97 46 67 75 17 84 0 85 83 96 11 37 48 66 57 53 15 40 99 61 23 90 18 39 52 20 6 
TEST 11 ARG:45 86 15 90 83 12 32 3 43 23 85 56 47 93 50 88 2 40 39 82 68 26 33 98 30 11 38 22 41 71 27 74 13 42 99 84 44 8 6 62 92 67 89 0 46 17 64 97 4 20 1 73 35 81 58 10 87 72 25 55 61 70 66 91 48 59 65 37 49 60 5 75 51 14 9 31 28 96 34 95 63 52 18 76 78 69 36 16 24 29 79 19 7 77 21 80 57 54 94 53 
TEST 12 ARG:37 93 55 5 61 98 46 40 99 9 70 80 20 2 26 89 25 85 51 27 65 75 39 87 57 64 67 96 58 16 0 31 28 10 38 72 79 88 86 56 77 52 49 35 68 13 30 48 73 94 36 83 11 33 82 90 43 34 18 76 4 50 1 23 62 42 41 81 24 84 60 14 15 59 19 21 8 47 91 6 44 32 7 92 78 17 74 29 95 12 63 54 69 71 53 66 22 97 45 3 
TEST 13 ARG:41 9 16 30 10 81 39 6 63 28 51 67 27 74 17 61 7 50 33 65 36 2 19 46 73 15 13 62 94 79 5 44 11 92 1 40 59 78 34 82 90 48 21 31 12 57 69 52 71 72 60 77 47 42 43 99 8 68 3 55 93 83 4 25 96 95 45 37 87 49 98 26 66 32 58 24 53 38 91 22 70 0 35 64 76 56 54 88 97 85 75 20 84 86 89 14 80 23 18 29 
TEST 14 ARG:66 87 58 20 6 99 59 74 69 3 72 17 4 90 73 94 5 21 2 40 16 1 12 50 27 38 92 81 9 83 34 80 18 48 22 57 78 70 26 76 98 97 14 8 13 51 28 19 54 29 39 68 23 89 93 75 15 45 43 33 32 82 31 96 55 60 47 91 25 86 53 42 46 7 85 10 65 30 61 56 77 35 11 88 63 95 52 24 62 79 36 41 84 64 67 37 0 44 49 71 
TEST 15 ARG:51 97 7 2 40 46 48 42 29 18 55 10 47 44 92 57 86 66 1 37 32 0 90 25 28 79 39 84 53 59 38 88 24 13 58 3 9 56 27 74 73 85 8 96 26 78 16 95 69 50 67 31 89 6 23 45 20 99 14 34 36 77 19 35 15 49 52 54 21 65 63 72 91 80 62 33 64 68 93 60 61 98 11 41 76 43 81 83 5 30 70 12 75 82 17 87 94 22 4 71 
TEST 16 ARG:71 92 54 13 23 87 63 18 97 38 51 72 98 95 27 3 19 39 34 49 6 91 37 12 40 30 32 94 62 74 66 26 43 41 75 28 80 14 68 79 96 53 33 44 93 48 52 31 56 8 82 25 59 86 20 2 10 16 45 89 57 83 50 70 99 73 15 88 90 1 81 4 77 29 11 17 65 42 55 21 61 46 47 64 78 58 69 22 24 7 76 85 36 5 35 67 9 0 84 60 
TEST 17 ARG:85 43 51 53 16 32 78 30 76 5 10 67 55 25 40 38 93 13 75 94 12 59 35 63 95 98 46 74 7 33 9 42 58 84 90 64 1 19 6 8 14 20 31 71 91 61 52 24 57 47 2 23 86 89 80 17 65 18 44 60 79 92 34 36 26 82 21 22 45 69 83 66 54 56 88 4 28 77 72 81 96 68 0 49 99 37 11 73 27 62 29 39 70 87 15 41 97 3 50 48 
TEST 18 ARG:98 23 52 34 55 48 50 59 22 25 63 10 30 40 80 95 13 17 68 58 82 87 11 2 6 85 94 33 92 57 42 67 86 69 18 1 29 81 49 62 90 45 65 47 26 56 41 14 51 96 89 7 99 97 46 53 32 44 5 83 66 74 8 28 54 24 35 76 21 4 84 91 31 71 0 15 43 20 39 88 93 19 60 38 27 72 61 75 77 3 70 16 12 73 64 36 78 37 9 79 
TEST 19 ARG:73 59 38 91 63 58 40 48 18 57 71 65 82 0 55 37 52 69 30 85 72 77 5 27 83 10 34 98 76 15 47 26 17 68 84 33 41 21 96 94 79 43 81 39 87 64 75 62 19 32 86 6 49 16 13 35 93 44 20 53 50 46 78 8 95 2 66 74 80 24 99 28 31 45 9 4 60 89 11 14 42 3 25 61 67 29 70 1 97 90 92 7 23 51 88 22 54 56 12 36 
TEST 20 ARG:57 29 71 35 80 47 86 34 83 73 40 50 87 28 24 14 21 16 81 7 31 20 78 33 32 13 22 8 12 92 5 72 79 26 37 19 91 67 48 95 85 43 4 63 3 62 64 53 99 46 54 25 89 6 2 90 56 93 27 74 70 30 18 41 94 44 88 75 39 38 98 51 82 76 52 66 61 9 0 97 11 68 1 96 36 65 45 69 60 10 23 17 77 49 58 15 42 84 59 55 
TEST 21 ARG:91 72 11 10 89 61 82 45 27 69 36 9 67 94 88 28 37 18 84 12 66 35 83 3 25 13 92 31 49 29 16 87 19 15 58 33 62 2 56 53 21 50 6 46 44 79 22 97 51 47 59 90 7 81 57 96 40 48 85 34 71 64 39 0 8 98 26 78 23 38 54 73 30 80 41 76 14 95 68 63 99 43 65 60 42 55 93 24 52 5 77 17 1 75 70 20 4 74 86 32 
TEST 22 ARG:93 70 36 54 90 33 64 83 21 98 59 23 26 20 42 86 19 16 38 77 6 68 97 39 56 11 35 28 95 69 14 22 24 80 4 67 78 72 7 89 49 91 94 81 99 10 79 45 44 17 60 82 66 29 84 85 3 40 71 41 34 75 0 53 5 63 31 2 12 96 65 30 52 32 46 73 1 58 50 9 57 27 92 37 62 74 18 55 43 76 13 51 25 8 87 88 48 61 47 15 
TEST 23 ARG:26 0 25 57 1 13 30 9 11 62 98 71 99 91 34 8 46 35 95 38 43 32 75 96 84 20 51 23 37 48 82 4 65 2 97 14 12 15 92 5 36 7 64 73 70 10 61 86 44 67 21 52 54 83 69 77 87 22 85 53 39 19 76 80 27 81 31 88 59 47 29 68 66 50 94 79 18 6 56 78 58 89 17 74 45 72 40 49 42 16 41 60 24 63 93 90 33 28 55 3 
TEST 24 ARG:40 49 23 66 37 77 20 85 12 51 17 48 68 54 32 5 43 82 78 33 65 50 3 6 7 58 21 39 75 72 88 8 19 90 9 47 89 52 80 24 18 38 13 70 60 59 1 10 74 36 53 57 42 79 28 76 69 27 93 4 30 14 95 71 2 67 31 86 83 99 84 45 97 44 64 96 56 26 25 62 63 41 35 15 34 73 16 61 0 91 94 29 22 55 81 46 98 11 92 87 
TEST 25 ARG:86 13 72 34 55 15 70 50 10 27 41 20 96 9 67 73 95 28 85 38 7 61 87 89 48 45 62 6 98 0 40 4 97 81 91 29 37 56 76 16 5 11 36 68 32 49 94 14 59 60 2 30 58 78 52 69 66 1 31 54 99 25 19 84 42 17 51 71 33 63 3 80 35 23 39 74 88 53 26 77 57 22 18 92 44 24 90 43 79 8 93 75 47 21 64 65 83 46 82 12 
TEST 26 ARG:30 98 70 66 20 91 29 39 86 17 41 47 78 97 21 77 55 24 8 69 52 68 80 99 46 36 34 33 57 31 9 1 60 49 35 75 43 88 44 5 53 0 7 16 37 11 38 28 42 61 94 51 2 64 18 95 73 22 87 74 71 45 4 65 89 92 85 90 13 12 48 14 56 23 81 62 76 72 93 83 32 19 59 63 6 40 58 67 82 50 27 25 54 79 84 15 26 96 3 10 
TEST 27 ARG:76 20 98 91 53 90 43 23 8 5 96 59 63 31 17 69 82 47 33 89 14 19 7 86 6 55 1 61 93 38 79 66 16 75 68 83 94 58 87 40 99 48 54 42 50 73 52 78 36 15 30 62 10 2 49 18 46 28 0 3 51 70 29 27 65 25 64 39 81 21 77 34 92 41 45 85 32 37 26 74 97 84 24 9 4 72 60 12 80 57 95 13 88 35 56 71 67 11 44 22 
TEST 28 ARG:34 39 89 64 91 19 57 43 14 33 1 86 49 93 46 94 83 59 67 25 44 90 54 81 56 62 72 45 36 65 11 50 17 24 40 87 95 12 51 73 79 30 23 98 80 52 28 76 42 84 77 88 75 2 10 22 48 71 99 13 0 37 74 82 31 32 55 47 5 78 69 15 18 21 9 16 8 68 61 63 20 97 38 3 29 70 96 58 41 6 60 27 66 85 4 35 53 7 26 92 
TEST 29 ARG:76 42 43 58 3 60 93 20 71 8 49 92 41 52 62 79 14 16 78 28 88 91 12 35 29 18 40 32 45 50 94 44 97 4 86 56 5 85 81 48 74 69 73 24 80 1 83 26 22 84 75 36 15 31 51 67 34 2 9 89 17 77 30 0 61 21 99 65 98 33 55 57 46 90 70 10 68 54 13 96 53 63 64 19 95 27 87 82 47 37 11 6 72 66 59 23 7 39 25 38 
TEST 30 ARG:75 29 41 9 12 72 15 30 49 20 22 53 47 64 27 1 7 84 26 11 54 48 94 73 28 67 86 82 65 68 57 45 56 8 81 36 98 3 52 18 85 37 74 14 60 92 63 31 4 87 21 55 32 13 25 51 88 39 2 93 78 80 89 5 6 69 70 33 79 58 19 61 16 23 62 90 50 34 71 59 97 46 83 91 95 35 66 24 38 96 42 44 17 10 99 77 40 43 0 76 
TEST 31 ARG:0 44 9 87 23 5 81 22 29 93 74 97 91 89 24 84 76 57 20 59 34 31 92 53 25 7 26 61 78 43 10 47 21 2 39 65 66 67 52 48 72 60 90 13 94 95 82 99 88 28 58 6 4 54 71 19 75 46 30 64 8 50 35 63 98 27 85 18 80 68 41 70 51 11 56 38 33 77 96 12 14 83 36 86 17 37 79 15 45 40 49 1 32 42 69 55 16 73 3 62 
TEST 32 ARG:54 88 10 99 8 44 22 16 24 96 26 81 65 39 52 70 28 0 62 89 42 30 25 77 60 51 92 97 40 93 53 80 50 58 41 63 68 31 37 48 5 18 87 75 47 59 79 15 45 83 20 29 6 56 2 12 7 67 32 1 71 19 95 36 34 94 4 72 43 46 90 35 86 84 55 11 78 98 33 9 76 57 14 73 49 74 64 23 13 27 85 69 82 17 91 3 61 38 66 21 
TEST 33 ARG:94 65 10 44 66 55 20 43 4 18 53 91 67 87 28 83 9 80 79 59 27 34 48 69 90 22 86 96 93 78 21 72 70 64 92 56 50 54 32 81 5 89 84 62 45 13 75 25 40 23 26 97 3 38 29 7 52 68 47 85 73 16 6 11 77 17 63 30 51 61 58 15 60 88 14 95 36 2 42 99 49 98 24 39 12 37 0 57 76 46 74 8 35 41 19 1 71 31 33 82 
TEST 34 ARG:37 58 39 15 3 1 65 73 77 19 93 66 80 81 83 62 20 67 82 52 43 75 7 74 0 78 34 29 53 23 6 97 95 71 84 48 51 69 47 55 41 26 33 31 76 9 36 2 90 12 64 40 61 91 16 56 22 87 5 24 35 86 4 44 25 50 38 27 28 14 32 17 72 45 89 13 68 42 85 11 99 30 96 60 70 21 88 94 46 8 49 54 57 59 98 79 10 63 18 92 
TEST 35 ARG:11 24 96 4 35 65 79 41 50 29 47 3 32 66 57 91 86 34 56 85 55 19 84 73 60 30 71 72 75 22 42 59 90 43 37 81 64 13 44 76 70 87 95 8 58 62 2 5 69 93 9 25 97 98 46 68 88 0 20 18 21 77 12 31 36 6 61 78 89 39 83 45 48 67 15 63 16 10 14 53 74 33 26 99 28 23 54 7 27 80 1 94 49 92 51 38 40 17 52 82 
TEST 36 ARG:79 92 24 45 39 40 57 32 54 47 5 98 82 62 64 67 19 60 9 80 97 69 7 72 84 43 29 86 89 71 83 87 3 2 36 27 26 59 58 95 78 34 93 15 17 61 1 33 65 48 0 81 35 38 18 31 99 20 68 21 42 28 12 41 25 11 75 8 76 6 96 52 85 90 53 63 50 13 30 49 73 22 77 88 56 51 23 66 70 14 55 46 91 94 16 44 37 10 4 74 
TEST 37 ARG:78 47 80 44 65 19 36 5 38 82 75 14 6 53 34 13 66 60 92 63 45 43 76 32 17 87 88 83 21 16 69 89 91 58 90 98 10 3 57 20 8 70 33 25 35 26 64 22 71 46 77 12 95 15 72 40 41 62 52 18 24 96 37 39 54 49 99 30 74 27 9 68 1 29 81 42 0 86 93 61 7 11 2 28 51 59 55 79 94 23 67 50 97 85 4 73 48 84 31 56 
TEST 38 ARG:37 58 97 80 7 91 78 42 57 66 22 6 17 85 34 11 14 36 24 70 65 54 41 1 51 52 35 87 10 45 29 3 95 86 72 5 15 64 26 46 98 93 12 4 89 19 74 44 0 49 94 81 28 56 23 31 63 77 50 62 67 13 32 69 61 39 59 33 55 84 92 75 18 68 30 47 82 9 88 83 48 71 90 73 53 20 76 2 8 27 43 79 16 25 38 21 40 60 96 99 
TEST 39 ARG:46 21 92 50 5 38 57 51 3 13 26 39 58 76 10 30 45 74 60 8 4 1 67 62 33 64 23 63 53 89 25 82 80 47 14 31 66 48 78 56 55 71 9 95 11 91 28 54 94 35 49 41 16 17 34 15 83 36 0 24 70 29 32 6 22 43 85 99 88 61 7 86 93 59 42 81 69 72 27 73 40 52 65 75 37 68 20 87 44 18 90 2 97 77 98 84 19 96 12 79 
TEST 40 ARG:28 1 61 25 93 27 36 79 74 15 55 87 47 96 41 90 52 65 81 22 75 48 14 3 16 39 76 17 38 37 89 2 85 5 58 83 57 11 9 91 10 62 33 54 7 0 80 23 88 31 69 6 86 43 67 70 77 64 4 35 53 34 46 98 59 29 44 56 32 20 78 40 82 19 12 18 92 60 50 21 84 63 71 97 94 26 66 8 68 99 13 72 51 49 24 73 45 95 42 30 
TEST 41 ARG:48 67 40 38 16 84 58 17 3 2 53 52 46 93 71 21 62 43 87 41 61 31 80 27 94 74 70 55 95 14 66 79 82 6 9 15 81 1 49 99 20 50 13 69 37 76 25 56 96 35 85 97 42 47 19 63 88 39 4 54 91 72 12 36 45 51 28 8 83 65 26 0 73 92 29 90 59 77 64 33 44 98 10 30 57 32 7 11 89 22 23 34 86 60 5 24 68 75 18 78 
TEST 42 ARG:34 71 74 91 13 57 44 76 89 50 92 98 75 83 72 20 62 64 88 94 87 61 86 23 99 1 67 51 18 80 95 15 68 79 40 66 93 53 48 77 7 56 25 0 69 22 43 54 19 32 47 26 37 14 8 46 73 52 90 63 70 60 65 33 41 12 5 36 4 16 17 24 9 45 55 21 96 39 10 59 3 85 30 42 2 78 27 38 84 49 6 97 35 11 28 29 81 31 58 82 
TEST 43 ARG:89 81 70 19 52 64 61 72 17 23 83 22 91 48 78 30 68 32 98 46 21 94 51 27 35 90 65 49 31 54 47 57 4 80 77 99 39 66 34 86 42 36 53 44 87 3 28 62 14 12 97 2 37 25 84 71 5 10 11 76 16 74 85 33 24 26 0 69 79 93 63 60 41 95 7 75 6 20 29 43 13 82 8 9 1 88 92 50 38 55 40 45 96 67 18 15 56 59 58 73 
TEST 44 ARG:29 0 40 30 36 89 82 32 68 45 98 26 62 14 61 87 60 86 79 93 20 42 49 94 83 3 9 76 4 69 27 97 38 46 81 11 24 28 15 52 71 90 47 31 53 77 72 33 73 91 17 55 43 75 51 10 78 8 37 39 85 57 99 67 13 35 44 1 16 18 48 56 25 70 6 34 2 7 23 64 22 50 19 5 66 96 88 54 80 12 41 21 58 63 92 59 95 65 84 74 
TEST 45 ARG:91 77 99 16 79 65 23 7 73 78 90 80 33 98 76 10 46 70 24 97 67 15 4 55 68 8 56 30 41 50 6 40 71 1 51 54 38 94 74 12 75 92 31 19 27 95 87 2 84 11 62 72 25 39 32 61 0 57 5 52 60 88 34 49 43 29 47 89 28 48 64 96 82 20 83 45 36 26 93 22 59 3 21 42 44 9 18 13 63 86 14 35 66 85 37 58 53 81 17 69 
TEST 46 ARG:94 87 7 71 86 49 85 30 33 61 32 58 29 21 45 74 3 8 56 23 69 88 60 97 14 52 35 34 72 73 75 28 17 82 67 0 44 6 63 22 19 11 9 39 81 31 41 57 99 38 43 40 1 18 62 79 76 27 59 4 84 78 10 48 26 20 98 68 70 65 77 54 12 50 5 42 66 92 36 91 16 13 83 53 90 80 15 24 95 96 55 64 89 93 2 37 47 51 46 25 
TEST 47 ARG:60 92 51 74 16 85 22 52 17 47 6 79 99 36 29 45 87 27 32 7 49 12 20 59 25 4 35 41 19 77 31 15 61 57 5 84 64 21 70 95 33 91 69 14 90 58 78 50 44 40 18 63 96 11 55 83 34 1 97 38 9 73 56 80 81 71 68 48 94 2 39 42 75 26 62 66 82 30 10 24 23 0 86 88 98 13 93 76 72 89 43 3 37 54 67 28 8 65 46 53 
TEST 48 ARG:32 76 69 70 27 36 42 0 4 96 71 38 56 79 63 33 62 40 83 44 5 20 81 60 72 92 53 47 59 11 99 37 22 88 61 19 31 7 29 52 86 13 58 90 66 35 91 3 15 8 1 93 49 50 89 45 48 65 54 95 43 80 87 23 6 94 17 46 39 12 78 2 67 77 57 30 34 14 84 74 21 16 98 73 25 51 10 75 55 82 9 68 85 41 18 24 97 28 26 64 
TEST 49 ARG:62 69 66 85 92 97 41 38 59 8 19 83 24 68 12 22 36 4 37 2 48 61 74 6 16 44 93 42 98 82 84 39 99 28 81 40 72 76 55 27 32 60 51 47 94 45 11 5 21 77 89 73 90 78 54 57 50 31 18 53 56 23 15 17 3 95 25 7 46 26 20 79 0 49 29 35 80 9 64 43 75 70 13 33 87 30 71 1 52 91 63 14 34 65 86 67 88 10 96 58 
TEST 50 ARG:57 60 69 31 51 53 56 24 11 64 99 9 40 80 85 29 81 97 34 50 48 19 14 92 84 20 39 30 68 65 78 13 10 43 74 95 49 90 3 33 72 6 58 44 27 2 8 98 73 52 4 61 91 62 54 89 46 55 23 93 59 42 32 82 36 79 45 88 18 5 75 70 41 77 35 0 22 21 86 37 67 38 83 28 71 66 25 15 94 47 76 1 63 12 87 7 96 17 16 26 
TEST 51 ARG:61 97 92 29 22 54 64 2 72 53 73 58 42 4 0 30 6 68 19 41 37 57 47 20 83 96 21 50 23 91 31 24 39 69 5 67 46 38 77 70 49 84 82 94 25 14 78 27 16 79 13 17 75 63 93 62 98 32 60 1 18 7 95 43 15 11 80 9 88 86 28 89 36 59 85 51 40 56 34 12 99 66 8 87 45 90 74 44 81 55 71 3 33 48 26 52 65 35 76 10 
TEST 52 ARG:23 94 4 17 51 76 47 54 88 60 45 29 97 40 48 31 58 39 81 30 15 2 49 0 13 87 3 14 18 36 12 21 52 19 33 56 6 1 22 95 10 61 69 80 27 25 66 38 70 82 83 53 91 90 92 72 62 37 64 44 41 85 55 42 86 68 73 24 11 71 34 46 65 75 98 28 32 77 59 5 20 35 96 57 84 79 16 8 26 74 7 63 67 50 99 9 93 78 43 89 
TEST 53 ARG:80 13 41 64 31 12 28 91 58 66 75 53 76 7 85 59 96 55 98 71 95 69 16 46 93 97 65 25 43 73 62 52 9 82 39 77 45 27 0 90 51 21 92 24 18 19 33 89 67 50 2 3 72 56 32 10 79 35 74 37 87 42 22 83 6 20 48 54 1 63 11 61 88 26 70 99 36 8 78 81 15 17 60 86 68 57 84 49 40 94 14 29 38 5 23 30 4 47 34 44 
TEST 54 ARG:57 20 29 74 97 54 24 30 92 72 15 45 22 28 71 87 7 94 83 64 16 51 81 63 98 8 78 48 86 11 2 55 52 50 49 68 14 84 96 67 95 75 80 13 26 41 21 99 10 58 43 77 37 4 25 44 47 61 39 42 60 62 36 34 79 56 19 40 0 33 46 35 66 90 9 32 93 5 18 89 31 12 76 23 3 17 27 1 82 6 53 38 88 69 65 85 91 59 73 70 
TEST 55 ARG:44 29 40 62 73 20 80 23 89 71 45 19 22 85 57 99 93 79 90 78 82 64 30 55 37 86 26 98 67 6 42 87 48 59 17 3 84 97 74 94 15 68 96 46 51 12 69 63 41 91 0 61 60 1 2 5 36 92 34 53 10 77 25 66 50 16 24 38 33 11 43 18 54 28 72 76 31 8 52 7 81 47 21 58 88 32 13 70 83 14 75 39 65 56 35 95 49 9 27 4 
TEST 56 ARG:76 29 95 57 79 97 42 49 39 81 41 4 59 87 17 75 77 14 16 33 64 89 99 48 20 96 63 40 9 92 0 24 65 69 67 91 8 37 22 43 54 10 28 6 94 60 71 25 70 23 11 15 47 78 72 52 38 68 62 26 90 74 19 27 73 93 35 32 2 55 56 31 84 88 50 36 51 82 58 12 45 85 98 7 5 83 80 21 53 46 13 18 34 1 3 44 86 30 66 61 
TEST 57 ARG:62 83 14 80 27 37 1 49 22 34 72 11 4 42 48 77 57 76 65 40 24 19 35 85 46 43 47 98 33 96 28 84 99 78 20 15 51 18 2 23 7 58 10 60 12 21 0 87 68 56 82 71 31 70 17 88 73 61 55 79 92 97 26 36 59 16 29 39 52 66 38 5 54 13 81 50 67 8 45 95 25 63 74 44 53 94 89 90 64 75 30 9 86 93 41 6 91 69 32 3 
TEST 58 ARG:30 81 73 63 88 53 4 3 89 60 47 92 65 80 50 49 18 32 61 0 22 37 83 10 55 96 75 36 28 2 66 48 78 85 15 17 45 7 82 24 74 23 39 1 46 86 59 11 57 31 27 71 64 76 25 8 33 6 20 91 69 12 43 93 70 94 13 87 16 5 44 56 9 72 29 21 40 51 68 14 42 95 62 67 52 98 84 77 97 34 38 99 35 79 26 41 19 58 54 90 
TEST 59 ARG:38 33 60 10 42 0 32 39 56 29 14 63 57 90 35 71 75 91 81 40 82 69 31 15 98 17 99 34 73 9 53 46 79 37 78 48 44 62 86 6 94 28 88 7 97 89 19 80 77 72 96 2 45 59 54 12 65 1 83 68 11 55 74 16 50 66 84 67 13 4 70 23 93 58 43 64 20 36 85 87 92 3 95 52 51 18 22 49 24 26 25 21 41 61 27 76 30 47 8 5 
TEST 60 ARG:16 38 97 41 94 55 17 7 99 10 22 11 77 27 57 39 32 82 80 2 43 47 24 90 13 0 71 64 60 61 69 89 83 45 20 6 19 62 53 50 28 4 26 25 66 52 63 37 75 49 9 87 54 40 36 92 42 30 51 78 96 23 67 88 14 95 44 58 86 12 46 59 1 93 21 8 3 84 31 70 68 29 35 73 56 34 79 76 15 48 72 85 74 5 91 18 65 81 98 33 
TEST 61 ARG:58 23 28 49 59 70 97 29 32 86 98 60 35 52 0 95 76 82 67 64 9 10 94 51 37 25 50 2 69 53 39 33 14 1 68 99 24 57 19 72 4 26 73 55 21 80 96 62 17 71 27 84 3 85 22 77 54 63 6 65 43 83 11 5 93 45 87 91 30 16 46 78 41 15 31 40 74 18 48 92 89 13 36 88 79 66 8 61 42 20 34 44 38 7 81 47 12 75 56 90 
TEST 62 ARG:14 45 90 34 93 67 4 80 11 52 96 26 94 29 69 32 15 50 39 40 89 51 0 58 28 22 37 71 61 78 44 36 9 54 20 97 12 3 42 73 6 2 79 56 77 91 13 38 95 25 68 64 85 8 49 48 43 5 57 24 33 87 19 23 55 53 17 83 72 30 66 74 47 21 31 41 70 75 46 98 35 27 92 65 18 7 10 76 86 88 99 62 1 81 82 84 16 60 63 59 
TEST 63 ARG:69 93 58 76 51 98 89 50 45 5 55 97 83 91 59 34 57 75 32 20 25 60 47 86 54 10 95 99 3 15 53 44 63 84 64 7 24 6 77 2 35 19 66 81 28 37 16 39 56 9 33 30 85 23 31 72 80 62 27 52 73 36 82 79 29 48 70 49 1 14 42 22 40 41 88 61 11 46 38 96 0 13 21 90 92 71 26 4 74 18 94 87 65 67 12 78 8 17 68 43 
TEST 64 ARG:90 27 16 93 71 22 69 12 46 0 20 37 48 70 3 74 51 36 21 77 25 13 58 53 44 56 6 81 97 39 42 26 11 95 9 41 96 8 7 38 73 88 89 72 50 82 54 84 5 62 86 99 45 92 60 10 80 57 47 2 52 85 1 78 67 28 29 40 63 66 65 24 18 15 31 75 98 19 55 64 14 23 43 35 32 33 87 68 4 59 17 49 61 94 30 34 79 83 76 91 
TEST 65 ARG:34 66 5 4 2 25 71 44 33 31 85 10 86 84 70 18 65 41 39 49 62 48 68 47 81 3 42 46 35 50 60 7 24 76 75 67 23 59 53 51 87 72 61 73 56 98 16 77 38 0 15 80 14 13 32 28 92 91 20 79 19 99 17 97 29 89 37 93 22 9 36 83 64 95 1 78 21 88 90 96 82 30 52 11 8 6 12 57 58 74 69 43 45 27 40 63 26 94 54 55 
TEST 66 ARG:60 73 28 18 37 72 66 4 25 47 38 98 45 2 19 55 5 48 56 80 42 32 1 81 29 64 61 33 62 21 82 65 57 22 6 68 54 79 71 17 20 49 86 44 87 41 52 94 16 70 69 34 39 13 43 67 93 92 27 58 30 15 11 88 23 76 40 50 35 91 89 96 24 84 0 26 7 85 78 63 51 46 10 53 14 83 36 12 90 3 95 9 8 97 31 59 75 99 77 74 
TEST 67 ARG:24 77 95 62 49 90 29 34 46 25 61 44 65 98 22 42 87 92 66 54 74 23 1 47 97 20 88 12 17 64 89 16 8 50 96 75 84 36 76 38 55 63 91 4 79 81 48 52 40 83 80 86 3 7 93 2 99 72 32 57 68 28 67 51 43 5 39 37 30 59 70 15 60 82 18 0 31 19 21 58 56 10 27 9 94 73 35 53 45 11 41 69 78 14 85 6 71 26 33 13 
TEST 68 ARG:3 2 21 62 51 6 93 79 76 75 97 39 82 85 66 92 12 15 50 8 10 48 34 83 49 13 53 89 67 9 37 59 71 0 68 72 27 5 33 40 96 64 22 90 60 77 47 57 20 87 94 95 14 31 55 1 69 36 42 86 81 4 78 16 65 99 88 24 56 38 7 32 46 41 43 98 58 35 74 80 73 17 91 11 18 28 30 54 26 19 52 44 63 45 29 25 61 23 84 70 
TEST 69 ARG:38 13 24 6 70 2 58 10 56 33 1 5 86 80 4 75 63 82 98 73 15 77 79 20 0 66 3 34 68 25 53 35 28 90 91 43 22 9 81 18 93 60 64 54 48 88 84 8 36 57 92 41 19 83 52 31 32 87 97 59 14 37 21 12 16 95 29 74 40 61 47 46 62 11 99 89 50 71 45 76 30 27 44 26 94 96 49 51 72 55 39 69 42 7 65 17 85 23 67 78 
TEST 70 ARG:78 6 18 29 57 68 51 52 70 54 20 77 55 66 9 49 26 59 72 12 23 36 99 34 5 48 38 17 91 7 86 25 45 65 4 33 58 63 35 43 28 56 32 8 30 93 46 40 24 89 98 13 39 22 61 19 21 60 10 44 82 11 1 31 79 92 88 50 67 94 76 87 3 81 53 42 37 84 83 64 97 69 2 62 95 74 75 73 90 71 14 85 96 15 0 80 41 27 47 16 
TEST 71 ARG:66 99 39 12 19 96 82 65 40 34 53 79 62 67 43 17 21 60 13 59 63 37 5 25 14 51 70 88 49 83 6 68 42 38 94 77 9 72 27 84 48 89 50 18 80 10 16 81 71 47 95 8 57 75 44 97 90 31 91 86 56 35 28 22 11 58 29 15 64 54 87 24 30 45 74 61 78 23 33 52 98 41 2 32 0 92 36 20 1 46 7 55 73 26 85 76 3 4 93 69 
TEST 72 ARG:63 61 30 28 46 65 86 11 45 93 44 74 24 16 9 14 33 77 64 67 58 97 31 72 25 35 13 60 76 85 50 99 27 18 6 21 5 42 83 52 98 2 19 55 78 15 54 70 7 53 81 34 41 12 59 51 47 75 89 96 23 66 92 57 71 82 39 91 68 84 26 38 3 20 90 22 29 79 37 87 4 56 62 48 0 40 95 17 49 10 88 32 8 94 36 73 43 1 69 80 
TEST 73 ARG:9 55 1 67 5 32 31 21 71 33 47 72 74 54 11 24 12 92 3 28 2 94 34 68 10 70 16 15 35 75 73 48 80 37 84 97 53 17 8 79 83 40 25 90 0 14 52 51 38 65 88 45 82 29 7 44 27 42 85 87 18 61 57 69 89 13 6 62 64 81 49 43 39 4 26 91 93 60 46 22 95 30 99 56 23 58 77 98 86 66 50 59 41 20 76 78 63 19 36 96 
